ANALYTICAL_METHOD
Precision: 0.6428571428571429
Recall: 0.29508196721311475
F1-score: 0.40449438202247195

DATABASE
Precision: 0.42857142857142855
Recall: 0.2
F1-score: 0.27272727272727276

CHALLENGE
Precision: 0.0
Recall: 0.0
F1-score: 0.0

TECHNIQUE
Precision: 0.25
Recall: 0.07017543859649122
F1-score: 0.1095890410958904

