ANALYTICAL_METHOD
Precision: 0.6
Recall: 0.5
F1-score: 0.5454545454545454

CHALLENGE
Precision: 0.1
Recall: 0.021739130434782608
F1-score: 0.03571428571428571

DATABASE
Precision: 0.38461538461538464
Recall: 0.3333333333333333
F1-score: 0.3571428571428571

TECHNIQUE
Precision: 0.3611111111111111
Recall: 0.23214285714285715
F1-score: 0.28260869565217395

